0.5454545454545454
5.0
2.75
0.6363636363636364
0.2
0.18181818181818182
1.8333333333333333
1.1428571428571428
0.25
0.4444444444444444
0.16666666666666666
3.3333333333333335
0.2727272727272727
2.25
3.6666666666666665
0.3
0.8333333333333334
1.6
0.7
1.0
1.7142857142857142
2.2
0.7142857142857143
0.45454545454545453
0.4166666666666667
2.6666666666666665
2.0
0.3333333333333333
0.5714285714285714
2.4
5.5
0.7777777777777778
1.2857142857142858
1.5714285714285714
1.4
0.8571428571428571
1.5
0.36363636363636365
1.2
1.8
0.375
1.1666666666666667
1.125
0.5
0.75
0.8
0.625
0.2857142857142857
0.4
1.6666666666666667
0.5555555555555556
2.5
0.5833333333333334
4.5
4.0
1.4285714285714286
6.0
0.2222222222222222
1.375
0.6666666666666666
0.6
1.25
3.5
0.42857142857142855
0.875
0.7272727272727273
2.3333333333333335
1.3333333333333333
1.75
3.0
0.8888888888888888
